-4.60517
-3.91202
-3.50656
-3.21888
-2.99573
-2.81341
-2.65926
-2.52573
-2.40795
-2.30259
-2.20727
-2.12026
-2.04022
-1.96611
-1.89712
-1.83258
-1.77196
-1.7148
-1.66073
-1.60944
-1.56065
-1.51413
-1.46968
-1.42712
-1.38629
-1.34707
-1.30933
-1.27297
-1.23787
-1.20397
-1.17118
-1.13943
-1.10866
-1.07881
-1.04982
-1.02165
-0.994252
-0.967584
-0.941609
-0.916291
-0.891598
-0.867501
-0.84397
-0.820981
-0.798508
-0.776529
-0.755023
-0.733969
-0.71335
-0.693147
-0.673345
-0.653926
-0.634878
-0.616186
-0.597837
-0.579818
-0.562119
-0.544727
-0.527633
-0.510826
-0.494296
-0.478036
-0.462035
-0.446287
-0.430783
-0.415515
-0.400478
-0.385662
-0.371064
-0.356675
-0.34249
-0.328504
-0.314711
-0.301105
-0.287682
-0.274437
-0.261365
-0.248461
-0.235722
-0.223144
-0.210721
-0.198451
-0.18633
-0.174353
-0.162519
-0.150823
-0.139262
-0.127833
-0.116534
-0.105361
-0.0943107
-0.0833816
-0.0725707
-0.0618754
-0.0512933
-0.040822
-0.0304592
-0.0202027
-0.0100503
0
0.00995033
0.0198026
0.0295588
0.0392207
0.0487902
0.0582689
0.0676586
0.076961
0.0861777
0.0953102
0.10436
0.113329
0.122218
0.131028
0.139762
0.14842
0.157004
0.165514
0.173953
0.182322
0.19062
0.198851
0.207014
0.215111
0.223144
0.231112
0.239017
0.24686
0.254642
0.262364
0.270027
0.277632
0.285179
0.29267
0.300105
0.307485
0.314811
0.322083
0.329304
0.336472
0.34359
0.350657
0.357674
0.364643
0.371564
0.378436
0.385262
0.392042
0.398776
0.405465
0.41211
0.41871
0.425268
0.431782
0.438255
0.444686
0.451076
0.457425
0.463734
0.470004
0.476234
0.482426
0.48858
0.494696
0.500775
0.506818
0.512824
0.518794
0.524729
0.530628
0.536493
0.542324
0.548121
0.553885
0.559616
0.565314
0.57098
0.576613
0.582216
0.587787
0.593327
0.598837
0.604316
0.609766
0.615186
0.620576
0.625938
0.631272
0.636577
0.641854
0.647103
0.652325
0.65752
0.662688
0.667829
0.672944
0.678034
0.683097
0.688135
0.693147
0.698135
0.703098
0.708036
0.71295
0.71784
0.722706
0.727549
0.732368
0.737164
0.741937
0.746688
0.751416
0.756122
0.760806
0.765468
0.770108
0.774727
0.779325
0.783902
0.788457
0.792993
0.797507
0.802002
0.806476
0.81093
0.815365
0.81978
0.824175
0.828552
0.832909
0.837248
0.841567
0.845868
0.850151
0.854415
0.858662
0.86289
0.8671
0.871293
0.875469
0.879627
0.883768
0.887891
0.891998
0.896088
0.900161
0.904218
0.908259
0.912283
0.916291
0.920283
0.924259
0.928219
0.932164
0.936093
0.940007
0.943906
0.947789
0.951658
0.955511
0.95935
0.963174
0.966984
0.970779
0.97456
0.978326
0.982078
0.985817
0.989541
0.993252
0.996949
1.00063
1.0043
1.00796
1.0116
1.01523
1.01885
1.02245
1.02604
1.02962
1.03318
1.03674
1.04028
1.0438
1.04732
1.05082
1.05431
1.05779
1.06126
1.06471
1.06815
1.07158
1.075
1.07841
1.08181
1.08519
1.08856
1.09192
1.09527
1.09861
1.10194
1.10526
1.10856
1.11186
1.11514
1.11841
1.12168
1.12493
1.12817
1.1314
1.13462
1.13783
1.14103
1.14422
1.1474
1.15057
1.15373
1.15688
1.16002
1.16315
1.16627
1.16938
1.17248
1.17557
1.17865
1.18173
1.18479
1.18784
1.19089
1.19392
1.19695
1.19996
1.20297
1.20597
1.20896
1.21194
1.21491
1.21788
1.22083
1.22378
1.22671
1.22964
1.23256
1.23547
1.23837
1.24127
1.24415
1.24703
1.2499
1.25276
1.25562
1.25846
1.2613
1.26413
1.26695
1.26976
1.27257
1.27536
1.27815
1.28093
1.28371
1.28647
1.28923
1.29198
1.29473
1.29746
1.30019
1.30291
1.30563
1.30833
1.31103
1.31372
1.31641
1.31909
1.32176
1.32442
1.32708
1.32972
1.33237
1.335
1.33763
1.34025
1.34286
1.34547
1.34807
1.35067
1.35325
1.35584
1.35841
1.36098
1.36354
1.36609
1.36864
1.37118
1.37372
1.37624
1.37877
1.38128
1.38379
1.38629
1.38879
1.39128
1.39377
1.39624
1.39872
1.40118
1.40364
1.4061
1.40854
1.41099
1.41342
1.41585
1.41828
1.4207
1.42311
1.42552
1.42792
1.43031
1.4327
1.43508
1.43746
1.43984
1.4422
1.44456
1.44692
1.44927
1.45161
1.45395
1.45629
1.45862
1.46094
1.46326
1.46557
1.46787
1.47018
1.47247
1.47476
1.47705
1.47933
1.4816
1.48387
1.48614
1.4884
1.49065
1.4929
1.49515
1.49739
1.49962
1.50185
1.50408
1.5063
1.50851
1.51072
1.51293
1.51513
1.51732
1.51951
1.5217
1.52388
1.52606
1.52823
1.53039
1.53256
1.53471
1.53687
1.53902
1.54116
1.5433
1.54543
1.54756
1.54969
1.55181
1.55393
1.55604
1.55814
1.56025
1.56235
1.56444
1.56653
1.56862
1.5707
1.57277
1.57485
1.57691
1.57898
1.58104
1.58309
1.58515
1.58719
1.58924
1.59127
1.59331
1.59534
1.59737
1.59939
1.60141
1.60342
1.60543
1.60744
